.Random.seed <-
c(10403L, 10L, -1457025983L, -1917829328L, 1134865742L, -2117505095L, 
-1470715445L, 785173114L, 1193197436L, 65671103L, 882768021L, 
-263313748L, 1863824514L, 862336093L, -488170665L, -112671170L, 
729139832L, 1864391003L, 691869881L, 1571756296L, 1856637878L, 
514836721L, 1269440291L, -1048180366L, 355089348L, 1256060807L, 
1048796509L, -550669484L, -1189222022L, -362896187L, -1723378145L, 
1281868198L, -2144685264L, 5210579L, -332945423L, 724648224L, 
-403431490L, -1383256119L, -55828613L, -392288950L, 523121068L, 
-856019793L, 778057317L, -61452772L, -349151118L, -601082131L, 
1075313447L, 1838511950L, 1655422888L, 1908452267L, 1203841225L, 
560427224L, 816704902L, 968655969L, -1559837197L, -1357740958L, 
-1619918124L, -1906277417L, 1197873613L, -1197666972L, -584210102L, 
1379053749L, 918771727L, 891433238L, -2075571264L, 140068739L, 
-1414437471L, -294753904L, 715149934L, -1500658663L, -235849557L, 
459656346L, -1142174628L, -2103715489L, 1033808693L, 1469279948L, 
1944656930L, 1238834813L, 1416864631L, -381240162L, -709244072L, 
921562811L, 1677693017L, 1110447080L, 538097174L, -1095722607L, 
801503811L, -682903214L, 800533988L, -1672104921L, 1093689469L, 
-81384076L, -1948827302L, 1522952101L, 335824831L, 502299718L, 
1223895760L, -2024008461L, -493063663L, -1378565056L, 238528542L, 
-68938007L, 1194263579L, 1345014826L, -1225412788L, -669207281L, 
529479749L, -1241259524L, -1847611310L, 2072164813L, -1244689529L, 
1532821102L, 381857352L, -1969944501L, 847643049L, -1570849544L, 
847112230L, -2144200383L, -1082902829L, -1993957758L, 618546356L, 
-752870345L, 663461677L, -1332831164L, -620641942L, -691798571L, 
-1492903057L, 702456438L, 186037664L, 1814659683L, -930995455L, 
1818507888L, -1028811250L, 489668217L, 1494018571L, -184736966L, 
1821751868L, -162580097L, -936766763L, -1585413396L, 1017074754L, 
1219922845L, -18275817L, 105101182L, 88184120L, -464059877L, 
1082518393L, 1985261000L, -257805834L, -188742607L, 1527879267L, 
-611841486L, -840222844L, 1152689607L, 710814877L, -639701996L, 
904481466L, -1825142011L, -127528737L, -1567561370L, -50078480L, 
-340457453L, 1039687089L, 1559558240L, 1291703806L, 852713865L, 
301569723L, -1216359798L, 103689580L, 813038319L, -498203355L, 
-763956260L, 868975026L, 231022765L, 236646503L, -1789503602L, 
-208412568L, -1443681173L, -1815677431L, -338503528L, 2126791622L, 
-1952819423L, -1050233933L, 723991330L, 1965878548L, -206774889L, 
1951958413L, 1634043044L, 1197860490L, -1640817419L, -373947569L, 
83352662L, -1267769600L, 171309635L, 949232097L, 1430332752L, 
261831598L, 980498777L, 202475371L, 1009407706L, -2001471588L, 
1421953951L, 1833398773L, -1809660788L, -801051294L, -852385475L, 
320571831L, -448106914L, 1507043224L, 1787774715L, -812503399L, 
2126550824L, -2055967274L, -1781460399L, 1492027651L, -1679334254L, 
1674967588L, 548840679L, -1065895619L, 873876916L, 1021628954L, 
-501663387L, -1730525185L, 1715355270L, -388536816L, 541482163L, 
2066708305L, -151848192L, -1585749538L, -1937339934L, 1080378728L, 
1087323468L, 1538635004L, -1323488526L, -1382120704L, 1949462132L, 
-2006289400L, 567953850L, 1993462736L, 794306028L, -1310290028L, 
-1653563694L, 1138940512L, 335412556L, -1858260704L, 673074818L, 
-1907382808L, 1041925100L, -620447172L, 1235601010L, 1451596656L, 
1739034916L, -1003851208L, 1559722394L, 1736658384L, -1930703428L, 
703173780L, -1138165630L, -1048134208L, -344101060L, -1630216048L, 
-930616542L, -147928568L, -630585076L, 1106553244L, -44815854L, 
309628800L, 240732948L, 491913512L, 1133758522L, 200440784L, 
-1932759444L, 445141556L, 2015848082L, -1606894240L, 135825740L, 
-352807968L, 1201684898L, -777447000L, 1448367756L, -1087341124L, 
-1633627534L, 313093104L, -1045052860L, 472166488L, 1965466682L, 
1692472432L, -369400772L, -1898085100L, 2003339970L, -818694432L, 
-1636922244L, -1343583536L, -1801369182L, 1230289960L, 1749591820L, 
568397244L, -605305038L, -731967808L, -212848588L, 491851464L, 
229460154L, -785276272L, 1941110508L, -969360812L, 1013018258L, 
690392352L, -48577076L, -1895731488L, 1045005506L, -2058486744L, 
1491334060L, 2025942716L, 1266522098L, 1018288688L, 1531347876L, 
486329784L, 104238938L, 200794256L, -2145939588L, -1043475180L, 
301156674L, -445770496L, 1619108284L, 1584301392L, -517943006L, 
1096233544L, 2010088460L, 283546204L, 202434002L, -347341312L, 
-1366034092L, 327036136L, 1406949626L, 342260432L, -599474388L, 
-151468812L, -142238318L, -1395396256L, 1904283660L, 867264736L, 
678123106L, 1310298280L, 708755532L, 1711544188L, -1398346446L, 
550219376L, 1806251844L, 1834200024L, 1134110586L, 657925168L, 
-756947012L, 1049016916L, -1889961918L, -1020746080L, 221418172L, 
-1658155056L, -269250206L, -1156486424L, -1646646068L, -2043057668L, 
2113810930L, 1785419904L, 427245044L, 1079274120L, -793483462L, 
5808464L, 360366188L, -667564652L, -2129963950L, -1043058208L, 
1421922508L, 1717164704L, 525785474L, -940733208L, -1673964820L, 
307763516L, 1989211250L, 640147056L, -215079388L, -890755016L, 
1492006170L, 553717968L, 1636408636L, 507142036L, -594747518L, 
812949440L, -1540667844L, 1653729680L, 2030240802L, -1617266424L, 
183399564L, -712588516L, 759593106L, 1015392640L, 1253227540L, 
-1220092120L, -215013830L, 936309200L, 917303660L, -777832524L, 
1375542802L, 1309934560L, -69974580L, 446129376L, -369799134L, 
1378703144L, 224507404L, 1840902972L, -1690913806L, -1870984464L, 
2087348804L, 588056152L, 913545018L, -951749648L, 554370748L, 
257549588L, -1810018110L, -1258128288L, -922437252L, -1012230192L, 
1706146082L, -722882904L, 1508694924L, -671368004L, 304258866L, 
-89988544L, -1229749068L, -762002360L, 1973426618L, 348388880L, 
-166967060L, 1634720084L, 880670482L, 1013192096L, 2068937420L, 
-1764002208L, -1840734270L, -1816886488L, -998601300L, 1980780860L, 
1344552818L, 1323761968L, 145895204L, -1521973960L, -2017977638L, 
-1654585456L, 1842516732L, 1907502996L, -495933374L, -402842368L, 
-334664644L, -972780208L, 1838356642L, 427669320L, -299165940L, 
1170729239L, 1522343905L, -811206362L, 986683428L, 132217557L, 
-1696348545L, -59914472L, -1599388106L, -598566717L, 398193925L, 
-90276702L, -1661443440L, 615067193L, 1735823083L, -311914532L, 
-272690678L, -1136675585L, -483253943L, -1225633058L, -1936703348L, 
-1122314147L, 1215059559L, -753580144L, -1077376082L, -251940261L, 
242675261L, 1662464170L, 1589023048L, 1428133233L, -1089641757L, 
1024240100L, -610433774L, 182499559L, -48922959L, 1842652406L, 
92346132L, 1864556581L, 1226454319L, -964388120L, 597891014L, 
-1497625997L, 1426889941L, 2132516530L, 1905231488L, -823546263L, 
-1374407973L, -39408084L, -2125255110L, -1314002705L, -748850311L, 
-22298610L, -1995864612L, 297838157L, 1517086135L, 68090688L, 
2139470366L, -1813062421L, 997614701L, 501257434L, -1673831272L, 
-1693160703L, -2006167373L, 1807129556L, -857463070L, 1880725367L, 
1086167745L, -1663636922L, 197010820L, 1771404085L, -1923561185L, 
1377362040L, 744054102L, -1759378461L, -436134491L, -1068924862L, 
-1827590608L, -967756199L, 1766453195L, 3231804L, -1858675094L, 
-799517537L, -856255191L, -108895810L, 1560518828L, -34540035L, 
1344224583L, -1828104656L, 1197522766L, -1641368709L, 1047246045L, 
1809536266L, -1970253784L, -703052655L, -278228861L, -60784252L, 
925028274L, 82776327L, 1010533201L, -1998183722L, 474282932L, 
-766524475L, -1042312433L, 2028949896L, 1313653926L, -720825261L, 
1399707061L, 1860475666L, -1400313632L, 615087433L, -335855749L, 
-189347252L, 845190106L, -347997745L, 105377689L, -1939593298L, 
480210108L, 2049213741L, 926578391L, -1074757856L, 1616025726L, 
-1213571509L, 1797747789L, 105552506L, 875147960L, 752609377L, 
-2039670253L, -736489420L, -209400254L, 1250675287L, -180143711L, 
2107832934L, -1668093340L, -261514859L, 1510732479L, -1875703208L, 
935902838L, 1574544003L, 1908610757L, -1779702814L, -2014159280L, 
